!FRM4SOC_CP
!RADCAL
# radiometric calibration coefs & linearity, lamp and panel data

# comments start with # (ignored by the processor)
# no empty lines between the parameter signatures in [] and the parameter values
# parameters are case insensitive
# parameters can be inserted in any order, except the first two signatures
# columns are tab- or space-delimited

[VERSION]
0.1

[CALDATE]
2023-06-27 08:31:43

[CALLAB]
Tartu Observatory

[USER]
Riho Vendt

[LAMP_ID]
TO_7

[PANEL_ID]
SG3151_2019

[DEVICE]
SAT2054

# Correlated color temperature (K)
[LAMP_CCT]
2972.0

# wavelength (nm)	bandwidth (nm)	irradiane (mW/m2/nm)	uncertainty (%, k=2)
[LAMPDATA]
300.00	0.00	1.3604	2.49
310.00	0.00	1.9234	2.12
320.00	0.00	2.6430	1.94
330.00	0.00	3.5404	1.94
340.00	0.00	4.6356	1.93
350.00	0.00	5.9788	1.93
360.00	0.00	7.5784	1.92
370.00	0.00	9.4629	1.92
380.00	0.00	11.6366	1.92
390.00	0.00	14.0948	1.84
400.00	0.00	16.7816	1.77
410.00	0.00	19.8141	1.69
420.00	0.00	23.1562	1.62
430.00	0.00	26.7970	1.55
440.00	0.00	30.7298	1.48
450.00	0.00	34.9416	1.47
460.00	0.00	39.3770	1.47
470.00	0.00	44.0540	1.47
480.00	0.00	48.9533	1.47
490.00	0.00	54.0532	1.47
500.00	0.00	59.3174	1.47
510.00	0.00	64.7239	1.46
520.00	0.00	70.2535	1.46
530.00	0.00	75.8797	1.46
540.00	0.00	81.5759	1.46
550.00	0.00	87.3132	1.46
560.00	0.00	93.0239	1.46
570.00	0.00	98.7221	1.46
580.00	0.00	104.3841	1.46
590.00	0.00	109.9883	1.45
600.00	0.00	115.5141	1.45
610.00	0.00	120.8935	1.45
620.00	0.00	126.1573	1.45
630.00	0.00	131.2920	1.45
640.00	0.00	136.2867	1.45
650.00	0.00	141.1323	1.45
660.00	0.00	145.8222	1.45
670.00	0.00	150.3514	1.45
680.00	0.00	154.7167	1.45
690.00	0.00	158.9163	1.45
700.00	0.00	162.9496	1.45
710.00	0.00	166.8169	1.44
720.00	0.00	170.4612	1.44
730.00	0.00	173.9326	1.44
740.00	0.00	177.2388	1.44
750.00	0.00	180.3809	1.44
760.00	0.00	183.3590	1.44
770.00	0.00	186.1729	1.44
780.00	0.00	188.8210	1.44
790.00	0.00	191.3006	1.44
800.00	0.00	193.6020	1.44
810.00	0.00	195.6782	1.44
820.00	0.00	197.5690	1.44
830.00	0.00	199.2668	1.44
840.00	0.00	200.7627	1.44
850.00	0.00	202.0565	1.44
860.00	0.00	203.1286	1.44
870.00	0.00	203.9685	1.44
880.00	0.00	204.5657	1.44
890.00	0.00	204.8740	1.44
900.00	0.00	204.9217	3.13
910.00	0.00	204.2705	3.13
920.00	0.00	204.4478	3.13
930.00	0.00	204.5009	3.13
940.00	0.00	204.4360	3.13
950.00	0.00	204.2791	3.13
960.00	0.00	204.0136	3.13
970.00	0.00	203.6444	3.13
980.00	0.00	203.1767	3.13
990.00	0.00	202.1724	3.13
1000.00	0.00	201.0806	3.13
[END_OF_LAMPDATA]

# wavelength (nm)	bandwidth (nm)	reflectance	uncertainty (%, k=2)
[PANELDATA]
350.00	0.00	0.9890	1.20
360.00	0.00	0.9890	1.20
370.00	0.00	0.9890	1.20
380.00	0.00	0.9880	1.20
390.00	0.00	0.9870	1.20
400.00	0.00	0.9880	0.50
410.00	0.00	0.9870	0.50
420.00	0.00	0.9900	0.50
430.00	0.00	0.9880	0.50
440.00	0.00	0.9890	0.50
450.00	0.00	0.9890	0.50
460.00	0.00	0.9900	0.50
470.00	0.00	0.9890	0.50
480.00	0.00	0.9890	0.50
490.00	0.00	0.9890	0.50
500.00	0.00	0.9880	0.50
510.00	0.00	0.9880	0.50
520.00	0.00	0.9880	0.50
530.00	0.00	0.9870	0.50
540.00	0.00	0.9870	0.50
550.00	0.00	0.9870	0.30
560.00	0.00	0.9860	0.30
570.00	0.00	0.9860	0.30
580.00	0.00	0.9850	0.30
590.00	0.00	0.9850	0.30
600.00	0.00	0.9850	0.30
610.00	0.00	0.9840	0.30
620.00	0.00	0.9840	0.30
630.00	0.00	0.9840	0.30
640.00	0.00	0.9830	0.30
650.00	0.00	0.9830	0.30
660.00	0.00	0.9830	0.30
670.00	0.00	0.9820	0.30
680.00	0.00	0.9820	0.30
690.00	0.00	0.9810	0.30
700.00	0.00	0.9820	0.30
710.00	0.00	0.9810	0.30
720.00	0.00	0.9800	0.30
730.00	0.00	0.9800	0.30
740.00	0.00	0.9800	0.30
750.00	0.00	0.9790	0.30
760.00	0.00	0.9790	0.30
770.00	0.00	0.9790	0.30
780.00	0.00	0.9770	0.30
790.00	0.00	0.9780	0.30
800.00	0.00	0.9770	0.30
810.00	0.00	0.9760	0.30
820.00	0.00	0.9750	0.30
830.00	0.00	0.9750	0.30
840.00	0.00	0.9760	0.30
850.00	0.00	0.9750	0.30
860.00	0.00	0.9740	0.30
870.00	0.00	0.9740	0.30
880.00	0.00	0.9750	0.30
890.00	0.00	0.9740	0.30
900.00	0.00	0.9740	0.30
910.00	0.00	0.9730	0.30
920.00	0.00	0.9730	0.30
930.00	0.00	0.9730	0.30
940.00	0.00	0.9720	0.30
950.00	0.00	0.9720	0.30
960.00	0.00	0.9720	0.30
970.00	0.00	0.9720	0.30
980.00	0.00	0.9710	0.30
990.00	0.00	0.9710	0.30
1000.00	0.00	0.9710	0.30
1010.00	0.00	0.9710	0.30
1020.00	0.00	0.9700	0.30
1030.00	0.00	0.9700	0.30
1040.00	0.00	0.9700	0.30
1050.00	0.00	0.9700	0.30
1060.00	0.00	0.9700	0.30
1070.00	0.00	0.9700	0.30
1080.00	0.00	0.9690	0.30
1090.00	0.00	0.9700	0.30
1100.00	0.00	0.9720	0.30
1110.00	0.00	0.9710	0.30
1120.00	0.00	0.9710	0.30
1130.00	0.00	0.9710	0.30
1140.00	0.00	0.9700	0.30
1150.00	0.00	0.9700	0.30
1160.00	0.00	0.9690	0.30
1170.00	0.00	0.9680	0.30
1180.00	0.00	0.9690	0.30
1190.00	0.00	0.9690	0.30
1200.00	0.00	0.9690	0.30
1210.00	0.00	0.9690	0.30
1220.00	0.00	0.9690	0.30
1230.00	0.00	0.9690	0.30
1240.00	0.00	0.9690	0.30
1250.00	0.00	0.9690	0.30
1260.00	0.00	0.9690	0.30
1270.00	0.00	0.9680	0.30
1280.00	0.00	0.9680	0.30
1290.00	0.00	0.9680	0.30
1300.00	0.00	0.9670	0.30
1310.00	0.00	0.9670	0.30
1320.00	0.00	0.9670	0.30
1330.00	0.00	0.9670	0.30
1340.00	0.00	0.9670	0.30
1350.00	0.00	0.9660	0.30
1360.00	0.00	0.9650	0.30
1370.00	0.00	0.9640	0.30
1380.00	0.00	0.9640	0.30
1390.00	0.00	0.9630	0.30
1400.00	0.00	0.9630	0.30
1410.00	0.00	0.9630	0.30
1420.00	0.00	0.9630	0.30
1430.00	0.00	0.9630	0.30
1440.00	0.00	0.9630	0.30
1450.00	0.00	0.9630	0.30
1460.00	0.00	0.9630	0.30
1470.00	0.00	0.9630	0.30
1480.00	0.00	0.9630	0.30
1490.00	0.00	0.9630	0.30
1500.00	0.00	0.9630	0.30
1510.00	0.00	0.9630	0.30
1520.00	0.00	0.9630	0.30
1530.00	0.00	0.9620	0.30
1540.00	0.00	0.9620	0.30
1550.00	0.00	0.9620	0.30
1560.00	0.00	0.9620	0.30
1570.00	0.00	0.9610	0.30
1580.00	0.00	0.9610	0.30
1590.00	0.00	0.9620	0.30
1600.00	0.00	0.9610	0.30
1610.00	0.00	0.9600	0.30
1620.00	0.00	0.9600	0.30
1630.00	0.00	0.9590	0.30
1640.00	0.00	0.9580	0.30
1650.00	0.00	0.9550	0.50
1660.00	0.00	0.9540	0.50
1670.00	0.00	0.9530	0.50
1680.00	0.00	0.9480	0.50
1690.00	0.00	0.9460	0.50
1700.00	0.00	0.9520	0.50
[END_OF_PANELDATA]

[AMBIENT_TEMP]
21.0

[DEVICE_TEMP]
22.35

# pixel no	wavelength (nm)	irradiane responsivity (unit depends on the device class)	uncertainty (%, k=2)	dark1	dark2 (content depends on the instrument class)	raw1	stdev1	raw2	stdev2
[CALDATA]
0	0.00	1024	0.00	0.000	0	1024	0.00	512	0.00
1	305.64	1.261E-003	48.99	347.200	0	60.17	1.65	50.80	5.00
2	308.96	1.148E-003	39.11	347.800	0	78.53	1.63	64.73	4.90
3	312.29	8.462E-004	21.98	352.300	0	97.80	1.68	87.47	4.12
4	315.61	5.872E-004	18.87	358.200	0	124.10	2.84	123.87	5.60
5	318.94	4.698E-004	10.25	351.800	0	159.77	2.10	165.60	4.13
6	322.27	4.398E-004	11.99	352.500	0	191.30	2.00	196.93	5.85
7	325.60	4.541E-004	10.51	353.900	0	223.27	2.14	219.87	5.42
8	328.92	4.233E-004	6.07	350.400	0	264.57	1.79	260.00	3.42
9	332.25	3.941E-004	6.07	347.200	0	301.90	1.71	301.47	4.07
10	335.58	3.654E-004	6.16	353.600	0	346.37	2.15	350.93	4.89
11	338.91	3.664E-004	4.73	350.100	0	401.53	2.24	394.33	3.72
12	342.25	3.344E-004	3.67	348.500	0	472.17	2.29	467.53	2.90
13	345.58	3.224E-004	3.98	341.600	0	559.10	1.82	541.07	3.95
14	348.91	2.937E-004	4.13	346.800	0	665.20	2.48	644.53	4.97
15	352.24	2.539E-004	3.67	348.400	0	780.93	2.60	781.93	5.12
16	355.58	2.287E-004	2.96	350.900	0	927.43	2.31	934.40	3.57
17	358.91	2.114E-004	2.84	348.600	0	1092.87	1.95	1096.73	3.61
18	362.25	1.964E-004	2.95	350.600	0	1267.33	2.33	1273.13	4.94
19	365.58	1.898E-004	2.82	348.200	0	1439.47	2.15	1432.60	4.64
20	368.92	1.834E-004	2.77	346.100	0	1595.40	1.63	1591.13	4.81
21	372.25	1.824E-004	2.76	343.600	0	1724.73	2.15	1718.60	5.03
22	375.59	1.814E-004	2.65	347.600	0	1826.83	2.31	1836.53	4.03
23	378.93	1.868E-004	2.56	347.600	0	1912.47	1.98	1914.93	2.90
24	382.27	1.892E-004	2.55	346.700	0	1998.03	2.13	2010.33	2.95
25	385.60	1.943E-004	2.55	344.000	0	2093.17	2.05	2096.33	3.50
26	388.94	1.966E-004	2.58	345.300	0	2205.50	1.84	2206.87	4.63
27	392.28	1.970E-004	2.48	349.600	0	2342.03	1.87	2342.13	4.84
28	395.62	1.930E-004	2.33	346.600	0	2500.67	2.27	2518.33	4.24
29	398.96	1.933E-004	2.19	345.500	0	2685.03	1.74	2683.60	3.38
30	402.30	1.903E-004	2.15	348.700	0	2886.60	2.00	2885.40	3.63
31	405.64	1.841E-004	2.17	346.700	0	3151.37	1.92	3151.00	5.12
32	408.98	1.779E-004	2.14	345.400	0	3458.43	2.22	3450.20	5.22
33	412.33	1.697E-004	2.10	341.900	0	3826.43	2.03	3818.33	5.31
34	415.67	1.606E-004	2.05	346.300	0	4256.37	2.31	4252.00	4.33
35	419.01	1.520E-004	2.04	343.500	0	4754.27	2.86	4740.67	5.61
36	422.35	1.422E-004	1.99	347.600	0	5302.70	1.83	5308.07	4.37
37	425.70	1.342E-004	1.97	347.700	0	5921.73	1.87	5916.80	4.51
38	429.04	1.268E-004	1.94	348.000	0	6581.37	1.92	6569.73	4.68
39	432.39	1.202E-004	1.92	344.900	0	7273.17	1.50	7262.53	5.38
40	435.73	1.142E-004	1.90	347.400	0	7987.63	2.74	7992.13	4.90
41	439.07	1.098E-004	1.87	348.700	0	8681.33	2.04	8690.20	3.05
42	442.42	1.068E-004	1.87	349.000	0	9341.27	2.10	9345.87	4.84
43	445.76	1.047E-004	1.86	352.400	0	9935.63	2.34	9949.67	3.78
44	449.11	1.039E-004	1.87	345.900	0	10437.97	1.93	10456.20	5.24
45	452.45	1.046E-004	1.86	344.700	0	10834.37	1.96	10835.80	5.12
46	455.80	1.062E-004	1.86	345.300	0	11108.63	1.77	11116.00	3.84
47	459.15	1.081E-004	1.86	342.800	0	11336.57	1.73	11350.67	3.50
48	462.49	1.105E-004	1.86	344.900	0	11517.87	1.96	11535.00	4.19
49	465.84	1.132E-004	1.86	344.500	0	11670.50	2.70	11688.67	4.34
50	469.19	1.162E-004	1.86	344.500	0	11814.43	1.87	11823.47	5.54
51	472.53	1.187E-004	1.86	340.300	0	12005.30	2.96	12005.80	5.14
52	475.88	1.207E-004	1.86	345.800	0	12219.50	1.88	12225.33	5.12
53	479.23	1.226E-004	1.86	345.100	0	12474.47	2.30	12473.80	6.35
54	482.57	1.243E-004	1.85	349.600	0	12727.77	2.32	12727.93	3.74
55	485.92	1.263E-004	1.85	349.000	0	12938.33	2.20	12945.93	4.59
56	489.27	1.286E-004	1.85	343.200	0	13128.37	2.18	13134.07	3.82
57	492.62	1.308E-004	1.85	351.400	0	13317.27	1.80	13323.27	4.47
58	495.96	1.327E-004	1.85	346.000	0	13537.83	2.46	13543.93	3.70
59	499.31	1.339E-004	1.85	346.100	0	13828.80	2.04	13839.53	3.60
60	502.66	1.340E-004	1.85	342.200	0	14226.10	1.85	14242.87	4.11
61	506.01	1.336E-004	1.85	351.000	0	14681.57	2.20	14700.53	4.55
62	509.36	1.323E-004	1.85	354.400	0	15234.07	2.09	15269.53	4.58
63	512.70	1.305E-004	1.84	349.100	0	15870.57	2.48	15915.20	3.66
64	516.05	1.283E-004	1.85	353.500	0	16590.23	3.06	16633.47	5.25
65	519.40	1.260E-004	1.84	350.900	0	17381.47	1.97	17417.60	4.25
66	522.75	1.228E-004	1.84	351.500	0	18270.93	1.77	18326.33	5.14
67	526.10	1.195E-004	1.84	353.600	0	19229.70	2.18	19301.53	3.71
68	529.45	1.163E-004	1.84	355.700	0	20262.20	1.81	20334.73	4.57
69	532.79	1.135E-004	1.84	357.200	0	21305.27	2.48	21373.73	4.12
70	536.14	1.111E-004	1.84	347.200	0	22306.83	2.73	22373.33	4.32
71	539.49	1.090E-004	1.84	350.100	0	23254.90	2.50	23338.87	3.70
72	542.84	1.076E-004	1.82	355.200	0	24113.27	2.35	24199.13	4.55
73	546.19	1.067E-004	1.81	349.700	0	24861.87	2.72	24968.67	4.55
74	549.53	1.059E-004	1.79	352.900	0	25590.73	2.57	25708.53	4.35
75	552.88	1.056E-004	1.79	349.500	0	26216.93	2.65	26331.60	5.01
76	556.23	1.057E-004	1.79	353.400	0	26758.50	2.35	26873.67	5.09
77	559.58	1.059E-004	1.79	354.800	0	27254.87	1.99	27383.53	2.95
78	562.92	1.061E-004	1.79	354.800	0	27720.07	2.55	27864.80	4.16
79	566.27	1.067E-004	1.79	351.100	0	28126.30	2.45	28266.47	4.32
80	569.62	1.076E-004	1.79	355.300	0	28449.70	2.23	28592.00	4.40
81	572.96	1.088E-004	1.79	352.700	0	28677.40	2.49	28810.73	4.65
82	576.31	1.099E-004	1.79	355.700	0	28882.37	2.51	29039.20	3.36
83	579.66	1.115E-004	1.79	350.400	0	29017.83	2.13	29160.33	5.51
84	583.00	1.137E-004	1.79	358.700	0	28945.20	2.27	29095.80	5.59
85	586.35	1.159E-004	1.79	355.400	0	28900.07	2.11	29055.87	4.35
86	589.70	1.183E-004	1.79	352.900	0	28802.07	1.70	28952.73	5.73
87	593.04	1.211E-004	1.79	355.500	0	28623.67	3.36	28763.80	5.23
88	596.39	1.241E-004	1.79	357.400	0	28390.37	2.19	28531.33	3.63
89	599.73	1.272E-004	1.79	351.300	0	28139.47	2.63	28287.00	4.68
90	603.08	1.318E-004	1.79	361.000	0	27608.73	2.54	27742.93	4.67
91	606.42	1.371E-004	1.79	351.600	0	26912.37	2.41	27052.47	4.55
92	609.77	1.435E-004	1.79	355.700	0	26105.13	2.43	26234.80	4.87
93	613.11	1.512E-004	1.79	346.800	0	25121.97	1.87	25250.07	5.23
94	616.45	1.572E-004	1.79	355.700	0	24501.83	2.10	24633.93	5.80
95	619.80	1.572E-004	1.79	354.400	0	24851.53	2.46	24979.93	5.85
96	623.14	1.534E-004	1.78	356.300	0	25802.57	2.30	25951.07	4.81
97	626.48	1.478E-004	1.78	355.300	0	27141.33	2.13	27297.07	3.66
98	629.83	1.402E-004	1.78	353.800	0	28934.47	2.38	29125.33	3.90
99	633.17	1.337E-004	1.78	361.600	0	30729.90	2.42	30931.73	4.65
100	636.51	1.337E-004	1.78	358.200	0	31063.00	2.39	31281.07	4.00
101	639.85	1.391E-004	1.78	354.700	0	30213.03	1.96	30423.00	3.49
102	643.19	1.473E-004	1.78	350.200	0	28916.93	2.06	29102.53	3.61
103	646.53	1.543E-004	1.78	349.600	0	27956.33	1.84	28120.40	4.12
104	649.87	1.612E-004	1.78	350.600	0	27055.27	1.85	27223.00	3.57
105	653.21	1.670E-004	1.78	347.100	0	26390.63	2.86	26560.53	4.07
106	656.55	1.714E-004	1.78	356.400	0	26027.13	2.08	26179.47	4.47
107	659.89	1.745E-004	1.78	355.600	0	25824.97	2.45	25982.73	3.65
108	663.23	1.773E-004	1.78	356.700	0	25657.20	1.98	25823.80	4.53
109	666.57	1.798E-004	1.78	358.000	0	25574.20	2.86	25729.73	3.55
110	669.90	1.826E-004	1.78	356.700	0	25424.13	2.03	25575.13	3.97
111	673.24	1.852E-004	1.78	358.600	0	25297.77	2.10	25460.80	5.32
112	676.58	1.873E-004	1.78	361.000	0	25235.83	1.67	25402.07	4.00
113	679.91	1.896E-004	1.78	357.800	0	25190.30	2.27	25346.93	5.10
114	683.25	1.914E-004	1.78	357.200	0	25179.27	1.90	25335.07	4.52
115	686.58	1.929E-004	1.78	356.200	0	25179.73	2.47	25341.60	4.36
116	689.91	1.945E-004	1.78	354.400	0	25202.77	2.91	25353.93	3.10
117	693.25	1.968E-004	1.78	353.700	0	25143.47	2.44	25289.47	3.75
118	696.58	1.982E-004	1.78	352.400	0	25178.60	2.94	25324.73	5.93
119	699.91	2.003E-004	1.78	352.800	0	25104.37	2.24	25263.53	4.95
120	703.24	2.029E-004	1.78	351.900	0	24979.37	1.96	25135.33	3.72
121	706.58	2.052E-004	1.78	351.700	0	24912.80	1.99	25054.40	4.00
122	709.91	2.068E-004	1.78	353.400	0	24901.87	1.80	25041.00	4.86
123	713.24	2.077E-004	1.78	353.600	0	24941.07	2.12	25094.80	4.28
124	716.56	2.080E-004	1.78	352.000	0	25078.83	1.82	25232.20	5.24
125	719.89	2.079E-004	1.78	356.100	0	25275.20	2.08	25426.13	3.62
126	723.22	2.072E-004	1.78	356.700	0	25504.50	2.06	25669.27	5.66
127	726.55	2.063E-004	1.77	359.000	0	25747.63	2.20	25937.20	3.15
128	729.87	2.056E-004	1.77	356.900	0	26017.17	2.35	26201.20	3.63
129	733.20	2.050E-004	1.77	356.600	0	26269.20	2.45	26447.20	3.96
130	736.52	2.045E-004	1.78	359.300	0	26464.57	2.95	26662.33	5.45
131	739.85	2.050E-004	1.78	362.300	0	26551.73	1.83	26754.53	5.10
132	743.17	2.061E-004	1.77	354.100	0	26579.87	1.89	26777.07	4.54
133	746.49	2.074E-004	1.77	360.000	0	26556.83	2.78	26751.27	4.24
134	749.82	2.092E-004	1.77	357.900	0	26458.47	3.47	26657.67	4.52
135	753.14	2.112E-004	1.77	359.600	0	26355.83	2.87	26554.00	5.06
136	756.46	2.132E-004	1.77	353.500	0	26259.93	1.99	26452.73	5.31
137	759.78	2.153E-004	1.77	351.600	0	26179.67	3.03	26352.33	5.63
138	763.09	2.168E-004	1.77	354.400	0	26110.63	2.25	26297.80	4.63
139	766.41	2.184E-004	1.77	355.900	0	26048.07	1.97	26235.07	4.01
140	769.73	2.204E-004	1.77	353.300	0	25961.07	2.16	26139.40	4.28
141	773.05	2.221E-004	1.77	352.900	0	25870.17	2.27	26046.13	4.03
142	776.36	2.236E-004	1.77	357.600	0	25770.50	1.96	25961.47	4.34
143	779.67	2.250E-004	1.77	355.200	0	25714.73	2.33	25902.27	3.71
144	782.99	2.276E-004	1.77	354.200	0	25550.40	2.32	25730.47	5.71
145	786.30	2.316E-004	1.77	360.200	0	25218.10	2.38	25400.93	4.22
146	789.61	2.367E-004	1.77	359.900	0	24779.73	2.94	24964.13	4.66
147	792.92	2.430E-004	1.77	352.700	0	24269.23	3.60	24427.33	4.11
148	796.23	2.495E-004	1.77	353.600	0	23758.23	3.23	23895.73	3.92
149	799.54	2.570E-004	1.77	351.300	0	23148.03	2.55	23283.80	4.31
150	802.85	2.651E-004	1.77	359.500	0	22485.47	3.07	22631.73	4.28
151	806.16	2.734E-004	1.77	354.400	0	21889.07	1.90	22021.80	5.16
152	809.46	2.826E-004	1.77	353.200	0	21275.47	2.48	21388.87	4.27
153	812.77	2.918E-004	1.77	360.300	0	20631.23	2.08	20757.47	4.16
154	816.07	3.018E-004	1.77	357.700	0	20013.87	2.47	20133.47	4.36
155	819.37	3.120E-004	1.77	348.500	0	19470.30	1.93	19556.93	3.91
156	822.68	3.210E-004	1.77	353.100	0	18938.00	2.30	19042.33	3.28
157	825.98	3.318E-004	1.77	356.300	0	18356.57	1.66	18466.73	4.29
158	829.28	3.437E-004	1.77	356.900	0	17779.67	1.46	17880.67	4.42
159	832.58	3.569E-004	1.77	346.500	0	17211.90	1.93	17290.67	5.41
160	835.87	3.709E-004	1.77	351.800	0	16611.47	2.53	16685.67	3.94
161	839.17	3.852E-004	1.77	352.700	0	16021.33	1.74	16101.40	4.24
162	842.46	4.010E-004	1.77	347.300	0	15401.83	2.23	15488.20	4.55
163	845.76	4.195E-004	1.77	347.700	0	14770.10	2.31	14842.87	4.00
164	849.05	4.385E-004	1.77	345.300	0	14150.90	2.16	14222.60	4.37
165	852.34	4.582E-004	1.77	353.800	0	13551.73	2.27	13626.73	3.65
166	855.64	4.790E-004	1.77	352.300	0	13008.27	2.22	13065.73	3.84
167	858.93	5.012E-004	1.77	349.500	0	12485.07	2.23	12522.13	2.97
168	862.21	5.227E-004	1.77	348.400	0	11972.03	2.30	12016.33	3.52
169	865.50	5.456E-004	1.77	356.200	0	11475.97	2.32	11522.87	3.84
170	868.79	5.688E-004	1.77	355.900	0	11020.40	2.68	11066.80	4.13
171	872.07	5.917E-004	1.77	352.200	0	10615.27	2.33	10655.73	3.86
172	875.36	6.131E-004	1.77	352.300	0	10252.10	2.28	10295.00	3.49
173	878.64	6.344E-004	1.78	349.100	0	9912.63	2.16	9957.33	3.92
174	881.92	6.559E-004	1.78	346.500	0	9618.90	2.57	9649.80	4.30
175	885.20	6.769E-004	1.77	344.000	0	9329.67	2.19	9356.27	3.26
176	888.48	6.963E-004	1.78	344.600	0	9047.73	2.20	9084.60	3.84
177	891.76	7.204E-004	2.02	349.900	0	8759.57	2.36	8788.67	3.49
178	895.03	7.463E-004	2.52	349.300	0	8470.27	2.49	8491.33	3.60
179	898.31	7.708E-004	3.04	347.600	0	8196.00	2.16	8219.20	5.14
180	901.58	7.964E-004	3.31	352.700	0	7916.37	1.79	7944.40	5.12
181	0.00	0.000E+000	3.31	0.000	0	0.00	0.00	0.00	0.00
182	0.00	0.000E+000	3.31	0.000	0	0.00	0.00	0.00	0.00
183	0.00	0.000E+000	3.31	0.000	0	0.00	0.00	0.00	0.00
184	0.00	0.000E+000	3.31	0.000	0	0.00	0.00	0.00	0.00
185	0.00	0.000E+000	3.31	0.000	0	0.00	0.00	0.00	0.00
186	0.00	0.000E+000	3.31	0.000	0	0.00	0.00	0.00	0.00
187	0.00	0.000E+000	3.31	0.000	0	0.00	0.00	0.00	0.00
188	0.00	0.000E+000	3.31	0.000	0	0.00	0.00	0.00	0.00
189	0.00	0.000E+000	3.31	0.000	0	0.00	0.00	0.00	0.00
190	0.00	0.000E+000	3.31	0.000	0	0.00	0.00	0.00	0.00
191	0.00	0.000E+000	3.31	0.000	0	0.00	0.00	0.00	0.00
192	0.00	0.000E+000	3.31	0.000	0	0.00	0.00	0.00	0.00
193	0.00	0.000E+000	3.31	0.000	0	0.00	0.00	0.00	0.00
194	0.00	0.000E+000	3.31	0.000	0	0.00	0.00	0.00	0.00
195	0.00	0.000E+000	3.31	0.000	0	0.00	0.00	0.00	0.00
196	0.00	0.000E+000	3.31	0.000	0	0.00	0.00	0.00	0.00
197	0.00	0.000E+000	3.31	0.000	0	0.00	0.00	0.00	0.00
198	0.00	0.000E+000	3.31	0.000	0	0.00	0.00	0.00	0.00
199	0.00	0.000E+000	3.31	0.000	0	0.00	0.00	0.00	0.00
200	0.00	0.000E+000	3.31	0.000	0	0.00	0.00	0.00	0.00
201	0.00	0.000E+000	3.31	0.000	0	0.00	0.00	0.00	0.00
202	0.00	0.000E+000	3.31	0.000	0	0.00	0.00	0.00	0.00
203	0.00	0.000E+000	3.31	0.000	0	0.00	0.00	0.00	0.00
204	0.00	0.000E+000	3.31	0.000	0	0.00	0.00	0.00	0.00
205	0.00	0.000E+000	3.31	0.000	0	0.00	0.00	0.00	0.00
206	0.00	0.000E+000	3.31	0.000	0	0.00	0.00	0.00	0.00
207	0.00	0.000E+000	3.31	0.000	0	0.00	0.00	0.00	0.00
208	0.00	0.000E+000	3.31	0.000	0	0.00	0.00	0.00	0.00
209	0.00	0.000E+000	3.31	0.000	0	0.00	0.00	0.00	0.00
210	0.00	0.000E+000	3.31	0.000	0	0.00	0.00	0.00	0.00
211	0.00	0.000E+000	3.31	0.000	0	0.00	0.00	0.00	0.00
212	0.00	0.000E+000	3.31	0.000	0	0.00	0.00	0.00	0.00
213	0.00	0.000E+000	3.31	0.000	0	0.00	0.00	0.00	0.00
214	0.00	0.000E+000	3.31	0.000	0	0.00	0.00	0.00	0.00
215	0.00	0.000E+000	3.31	0.000	0	0.00	0.00	0.00	0.00
216	0.00	0.000E+000	3.31	0.000	0	0.00	0.00	0.00	0.00
217	0.00	0.000E+000	3.31	0.000	0	0.00	0.00	0.00	0.00
218	0.00	0.000E+000	3.31	0.000	0	0.00	0.00	0.00	0.00
219	0.00	0.000E+000	3.31	0.000	0	0.00	0.00	0.00	0.00
220	0.00	0.000E+000	3.31	0.000	0	0.00	0.00	0.00	0.00
221	0.00	0.000E+000	3.31	0.000	0	0.00	0.00	0.00	0.00
222	0.00	0.000E+000	3.31	0.000	0	0.00	0.00	0.00	0.00
223	0.00	0.000E+000	3.31	0.000	0	0.00	0.00	0.00	0.00
224	0.00	0.000E+000	3.31	0.000	0	0.00	0.00	0.00	0.00
225	0.00	0.000E+000	3.31	0.000	0	0.00	0.00	0.00	0.00
226	0.00	0.000E+000	3.31	0.000	0	0.00	0.00	0.00	0.00
227	0.00	0.000E+000	3.31	0.000	0	0.00	0.00	0.00	0.00
228	0.00	0.000E+000	3.31	0.000	0	0.00	0.00	0.00	0.00
229	0.00	0.000E+000	3.31	0.000	0	0.00	0.00	0.00	0.00
230	0.00	0.000E+000	3.31	0.000	0	0.00	0.00	0.00	0.00
231	0.00	0.000E+000	3.31	0.000	0	0.00	0.00	0.00	0.00
232	0.00	0.000E+000	3.31	0.000	0	0.00	0.00	0.00	0.00
233	0.00	0.000E+000	3.31	0.000	0	0.00	0.00	0.00	0.00
234	0.00	0.000E+000	3.31	0.000	0	0.00	0.00	0.00	0.00
235	0.00	0.000E+000	3.31	0.000	0	0.00	0.00	0.00	0.00
236	0.00	0.000E+000	3.31	0.000	0	0.00	0.00	0.00	0.00
237	0.00	0.000E+000	3.31	0.000	0	0.00	0.00	0.00	0.00
238	0.00	0.000E+000	3.31	0.000	0	0.00	0.00	0.00	0.00
239	0.00	0.000E+000	3.31	0.000	0	0.00	0.00	0.00	0.00
240	0.00	0.000E+000	3.31	0.000	0	0.00	0.00	0.00	0.00
241	0.00	0.000E+000	3.31	0.000	0	0.00	0.00	0.00	0.00
242	0.00	0.000E+000	3.31	0.000	0	0.00	0.00	0.00	0.00
243	0.00	0.000E+000	3.31	0.000	0	0.00	0.00	0.00	0.00
244	0.00	0.000E+000	3.31	0.000	0	0.00	0.00	0.00	0.00
245	0.00	0.000E+000	3.31	0.000	0	0.00	0.00	0.00	0.00
246	0.00	0.000E+000	3.31	0.000	0	0.00	0.00	0.00	0.00
247	0.00	0.000E+000	3.31	0.000	0	0.00	0.00	0.00	0.00
248	0.00	0.000E+000	3.31	0.000	0	0.00	0.00	0.00	0.00
249	0.00	0.000E+000	3.31	0.000	0	0.00	0.00	0.00	0.00
250	0.00	0.000E+000	3.31	0.000	0	0.00	0.00	0.00	0.00
251	0.00	0.000E+000	3.31	0.000	0	0.00	0.00	0.00	0.00
252	0.00	0.000E+000	3.31	0.000	0	0.00	0.00	0.00	0.00
253	0.00	0.000E+000	3.31	0.000	0	0.00	0.00	0.00	0.00
254	0.00	0.000E+000	3.31	0.000	0	0.00	0.00	0.00	0.00
255	0.00	0.000E+000	3.31	0.000	0	0.00	0.00	0.00	0.00
[END_OF_CALDATA]
