!FRM4SOC_CP
!RADCAL
# radiometric calibration coefs & linearity, lamp and panel data

# comments start with # (ignored by the processor)
# no empty lines between the parameter signatures in [] and the parameter values
# parameters are case insensitive
# parameters can be inserted in any order, except the first two signatures
# columns are tab- or space-delimited

[VERSION]
0.1

[CALDATE]
2023-06-26 14:17:32

[CALLAB]
Tartu Observatory

[USER]
Riho Vendt

[LAMP_ID]
TO_7

[PANEL_ID]
SG3151_2019

[DEVICE]
SAT2027

# Correlated color temperature (K)
[LAMP_CCT]
2972.0

# wavelength (nm)	bandwidth (nm)	irradiane (mW/m2/nm)	uncertainty (%, k=2)
[LAMPDATA]
300.00	0.00	1.3604	2.49
310.00	0.00	1.9234	2.12
320.00	0.00	2.6430	1.94
330.00	0.00	3.5404	1.94
340.00	0.00	4.6356	1.93
350.00	0.00	5.9788	1.93
360.00	0.00	7.5784	1.92
370.00	0.00	9.4629	1.92
380.00	0.00	11.6366	1.92
390.00	0.00	14.0948	1.84
400.00	0.00	16.7816	1.77
410.00	0.00	19.8141	1.69
420.00	0.00	23.1562	1.62
430.00	0.00	26.7970	1.55
440.00	0.00	30.7298	1.48
450.00	0.00	34.9416	1.47
460.00	0.00	39.3770	1.47
470.00	0.00	44.0540	1.47
480.00	0.00	48.9533	1.47
490.00	0.00	54.0532	1.47
500.00	0.00	59.3174	1.47
510.00	0.00	64.7239	1.46
520.00	0.00	70.2535	1.46
530.00	0.00	75.8797	1.46
540.00	0.00	81.5759	1.46
550.00	0.00	87.3132	1.46
560.00	0.00	93.0239	1.46
570.00	0.00	98.7221	1.46
580.00	0.00	104.3841	1.46
590.00	0.00	109.9883	1.45
600.00	0.00	115.5141	1.45
610.00	0.00	120.8935	1.45
620.00	0.00	126.1573	1.45
630.00	0.00	131.2920	1.45
640.00	0.00	136.2867	1.45
650.00	0.00	141.1323	1.45
660.00	0.00	145.8222	1.45
670.00	0.00	150.3514	1.45
680.00	0.00	154.7167	1.45
690.00	0.00	158.9163	1.45
700.00	0.00	162.9496	1.45
710.00	0.00	166.8169	1.44
720.00	0.00	170.4612	1.44
730.00	0.00	173.9326	1.44
740.00	0.00	177.2388	1.44
750.00	0.00	180.3809	1.44
760.00	0.00	183.3590	1.44
770.00	0.00	186.1729	1.44
780.00	0.00	188.8210	1.44
790.00	0.00	191.3006	1.44
800.00	0.00	193.6020	1.44
810.00	0.00	195.6782	1.44
820.00	0.00	197.5690	1.44
830.00	0.00	199.2668	1.44
840.00	0.00	200.7627	1.44
850.00	0.00	202.0565	1.44
860.00	0.00	203.1286	1.44
870.00	0.00	203.9685	1.44
880.00	0.00	204.5657	1.44
890.00	0.00	204.8740	1.44
900.00	0.00	204.9217	3.13
910.00	0.00	204.2705	3.13
920.00	0.00	204.4478	3.13
930.00	0.00	204.5009	3.13
940.00	0.00	204.4360	3.13
950.00	0.00	204.2791	3.13
960.00	0.00	204.0136	3.13
970.00	0.00	203.6444	3.13
980.00	0.00	203.1767	3.13
990.00	0.00	202.1724	3.13
1000.00	0.00	201.0806	3.13
[END_OF_LAMPDATA]

[AMBIENT_TEMP]
21.0

[DEVICE_TEMP]
23.14

# pixel no	wavelength (nm)	irradiane responsivity (unit depends on the device class)	uncertainty (%, k=2)	dark1	dark2 (content depends on the instrument class)	raw1	stdev1	raw2	stdev2
[CALDATA]
0	0.00	512	0.00	0.000	0	512	0.00	256	0.00
1	305.23	4.567E-003	49.95	597.700	0	78.30	2.04	57.07	4.35
2	308.57	3.009E-003	29.21	600.400	0	81.20	1.83	71.07	4.34
3	311.92	2.058E-003	18.71	601.000	0	94.60	2.37	97.07	4.47
4	315.27	2.431E-003	16.91	602.500	0	109.73	1.84	101.80	3.82
5	318.62	1.986E-003	9.35	599.700	0	126.83	1.96	127.20	2.73
6	321.97	1.737E-003	11.37	603.900	0	145.73	1.79	153.60	4.41
7	325.33	1.798E-003	10.00	596.000	0	172.50	1.88	172.40	4.10
8	328.68	1.437E-003	7.25	603.200	0	199.00	2.27	218.20	3.94
9	332.03	1.575E-003	8.43	599.200	0	228.37	1.71	233.13	4.77
10	335.39	1.546E-003	6.99	597.800	0	274.03	2.07	269.80	4.28
11	338.74	1.473E-003	6.04	596.300	0	327.93	2.15	316.27	4.15
12	342.10	1.280E-003	5.24	599.200	0	390.77	1.69	386.73	4.48
13	345.46	1.166E-003	5.18	597.700	0	470.20	1.52	464.07	5.33
14	348.82	1.038E-003	4.46	597.100	0	561.30	2.36	560.40	5.31
15	352.18	9.733E-004	4.21	596.900	0	671.60	1.88	659.73	5.75
16	355.54	8.752E-004	3.05	596.900	0	784.37	1.71	782.53	4.08
17	358.90	8.201E-004	2.95	592.300	0	900.37	2.34	900.73	4.33
18	362.26	8.079E-004	3.04	592.600	0	999.90	2.18	993.80	5.15
19	365.62	7.944E-004	2.54	598.000	0	1082.80	2.10	1082.87	3.42
20	368.99	8.089E-004	2.68	593.900	0	1157.93	1.72	1151.33	4.44
21	372.35	8.281E-004	2.43	597.900	0	1220.17	2.04	1210.73	3.14
22	375.72	8.314E-004	2.62	600.300	0	1288.67	2.08	1286.07	4.60
23	379.08	8.388E-004	2.51	599.600	0	1371.27	2.35	1366.67	4.16
24	382.45	8.344E-004	2.42	601.400	0	1470.80	1.53	1467.13	4.00
25	385.82	8.078E-004	2.36	601.200	0	1594.83	1.80	1604.00	4.06
26	389.19	7.838E-004	2.45	606.100	0	1743.27	2.02	1757.33	5.49
27	392.56	7.592E-004	2.35	596.500	0	1938.17	2.25	1940.93	5.25
28	395.93	7.234E-004	2.20	600.100	0	2153.87	1.54	2159.00	4.12
29	399.30	6.901E-004	2.13	594.700	0	2411.83	2.14	2407.53	3.72
30	402.67	6.467E-004	2.13	596.200	0	2708.77	1.89	2712.20	4.67
31	406.04	6.039E-004	2.11	594.500	0	3069.67	2.02	3073.07	5.34
32	409.41	5.621E-004	2.01	597.900	0	3486.80	1.75	3489.33	3.55
33	412.78	5.207E-004	2.00	594.500	0	3970.00	2.34	3973.93	4.24
34	416.16	4.843E-004	1.96	597.700	0	4515.53	1.48	4512.53	3.98
35	419.53	4.503E-004	1.95	598.700	0	5108.77	2.25	5107.20	5.27
36	422.91	4.214E-004	1.91	598.200	0	5754.03	2.44	5746.47	4.57
37	426.28	3.956E-004	1.88	603.100	0	6416.60	1.69	6419.60	4.46
38	429.66	3.761E-004	1.86	594.600	0	7075.07	1.69	7083.13	5.08
39	433.04	3.632E-004	1.84	593.800	0	7709.87	2.67	7704.40	4.76
40	436.41	3.528E-004	1.81	593.900	0	8303.90	2.11	8302.87	3.73
41	439.79	3.462E-004	1.79	594.600	0	8823.73	1.58	8837.07	4.11
42	443.17	3.449E-004	1.79	596.800	0	9283.03	2.08	9286.07	4.09
43	446.55	3.455E-004	1.78	595.100	0	9672.43	2.21	9678.47	3.77
44	449.93	3.492E-004	1.78	595.400	0	9980.27	1.90	9989.40	2.85
45	453.31	3.555E-004	1.78	596.700	0	10232.67	2.18	10234.13	3.68
46	456.69	3.622E-004	1.78	596.800	0	10442.87	2.41	10451.27	3.81
47	460.07	3.691E-004	1.78	597.500	0	10647.93	2.24	10661.93	5.20
48	463.45	3.760E-004	1.78	599.600	0	10873.23	2.34	10884.07	5.61
49	466.84	3.809E-004	1.78	599.200	0	11142.83	2.15	11157.00	3.91
50	470.22	3.840E-004	1.78	595.600	0	11470.73	2.09	11485.00	3.94
51	473.60	3.854E-004	1.77	598.100	0	11864.73	2.08	11873.00	3.35
52	476.98	3.840E-004	1.77	604.000	0	12339.50	2.64	12348.53	3.77
53	480.37	3.814E-004	1.77	592.900	0	12850.57	2.27	12866.73	4.32
54	483.75	3.803E-004	1.77	596.200	0	13367.00	2.28	13368.93	5.45
55	487.14	3.789E-004	1.77	595.900	0	13851.93	1.75	13863.67	4.15
56	490.52	3.785E-004	1.77	601.000	0	14337.67	1.88	14344.47	4.13
57	493.91	3.767E-004	1.77	597.600	0	14869.50	1.60	14879.40	5.07
58	497.29	3.736E-004	1.77	597.700	0	15470.97	2.15	15480.93	4.52
59	500.68	3.683E-004	1.77	605.600	0	16156.43	2.67	16179.87	5.19
60	504.07	3.615E-004	1.77	600.400	0	16961.43	2.81	16986.33	5.20
61	507.45	3.535E-004	1.77	599.500	0	17857.17	1.72	17885.60	5.02
62	510.84	3.440E-004	1.76	604.000	0	18854.93	1.46	18902.20	3.44
63	514.23	3.338E-004	1.76	603.400	0	19991.63	1.52	20039.13	3.59
64	517.62	3.230E-004	1.76	603.600	0	21228.50	1.46	21283.60	3.78
65	521.00	3.122E-004	1.76	600.000	0	22565.57	2.33	22623.60	3.89
66	524.39	3.015E-004	1.76	601.100	0	23973.80	1.66	24047.27	4.84
67	527.78	2.914E-004	1.76	601.500	0	25421.40	2.89	25513.47	3.18
68	531.17	2.827E-004	1.76	601.600	0	26894.17	2.23	26984.33	4.17
69	534.56	2.749E-004	1.76	599.300	0	28336.60	3.07	28442.20	4.53
70	537.95	2.686E-004	1.76	600.700	0	29709.33	2.01	29820.67	5.45
71	541.34	2.636E-004	1.76	599.900	0	30977.03	2.39	31107.53	4.72
72	544.73	2.603E-004	1.76	601.300	0	32089.03	2.57	32236.73	3.70
73	548.12	2.589E-004	1.76	598.600	0	32974.73	2.06	33141.80	4.72
74	551.51	2.594E-004	1.76	598.100	0	33672.83	1.71	33835.07	3.79
75	554.90	2.609E-004	1.76	600.000	0	34189.50	2.33	34364.60	4.63
76	558.29	2.637E-004	1.75	598.300	0	34538.73	1.82	34720.40	4.98
77	561.68	2.674E-004	1.75	598.700	0	34756.93	2.50	34949.33	4.76
78	565.07	2.720E-004	1.75	593.000	0	34883.50	2.56	35070.67	4.00
79	568.46	2.771E-004	1.75	595.300	0	34920.37	2.10	35114.20	3.57
80	571.85	2.827E-004	1.75	601.600	0	34898.93	2.13	35095.87	4.58
81	575.24	2.886E-004	1.75	601.400	0	34837.67	2.20	35035.93	4.46
82	578.63	2.950E-004	1.75	601.000	0	34713.13	1.66	34918.60	5.51
83	582.02	3.018E-004	1.75	600.300	0	34569.67	1.62	34765.27	4.09
84	585.41	3.093E-004	1.75	600.700	0	34344.00	2.49	34537.80	5.02
85	588.80	3.175E-004	1.75	598.800	0	34041.03	2.41	34236.13	3.50
86	592.19	3.265E-004	1.75	604.200	0	33689.07	2.57	33876.67	3.53
87	595.58	3.354E-004	1.75	597.700	0	33349.53	2.88	33532.80	4.04
88	598.98	3.433E-004	1.75	600.200	0	33097.17	2.75	33291.33	4.19
89	602.37	3.499E-004	1.75	596.500	0	33006.50	2.42	33194.27	3.85
90	605.76	3.543E-004	1.75	599.300	0	33102.03	2.44	33291.20	4.20
91	609.15	3.558E-004	1.75	601.100	0	33424.03	2.03	33639.53	4.03
92	612.54	3.560E-004	1.75	598.600	0	33918.13	2.14	34127.87	3.74
93	615.93	3.549E-004	1.75	596.900	0	34486.97	2.13	34716.47	4.41
94	619.32	3.529E-004	1.75	594.100	0	35158.73	1.98	35402.13	4.16
95	622.71	3.502E-004	1.75	594.100	0	35907.03	2.60	36167.00	5.88
96	626.10	3.479E-004	1.75	596.500	0	36639.60	2.35	36902.80	5.22
97	629.49	3.464E-004	1.75	597.600	0	37271.70	2.25	37551.60	5.54
98	632.88	3.468E-004	1.75	601.000	0	37703.77	2.78	37991.47	5.42
99	636.27	3.495E-004	1.75	598.700	0	37900.53	1.95	38183.73	5.09
100	639.66	3.539E-004	1.75	597.200	0	37898.10	2.30	38180.67	5.55
101	643.05	3.595E-004	1.74	596.100	0	37759.27	2.58	38041.93	5.11
102	646.44	3.663E-004	1.74	600.000	0	37492.20	2.24	37776.53	4.07
103	649.83	3.742E-004	1.74	598.700	0	37145.07	2.33	37417.27	5.66
104	653.22	3.825E-004	1.74	600.400	0	36722.40	2.85	37011.13	5.53
105	656.61	3.921E-004	1.74	602.300	0	36268.87	1.89	36531.53	5.74
106	660.00	4.003E-004	1.74	596.200	0	35924.87	2.55	36175.07	3.75
107	663.39	4.061E-004	1.74	600.900	0	35748.70	2.70	36017.73	4.49
108	666.78	4.104E-004	1.74	600.000	0	35767.30	2.68	36026.73	4.46
109	670.17	4.129E-004	1.74	597.200	0	35911.77	1.80	36173.13	3.88
110	673.56	4.141E-004	1.74	597.400	0	36147.37	2.37	36419.13	5.84
111	676.94	4.150E-004	1.74	598.000	0	36400.13	2.65	36683.60	5.07
112	680.33	4.158E-004	1.74	601.300	0	36675.00	1.53	36961.00	4.59
113	683.72	4.164E-004	1.74	595.900	0	36967.33	2.03	37251.00	3.30
114	687.11	4.166E-004	1.74	597.100	0	37270.70	1.79	37562.87	3.60
115	690.49	4.164E-004	1.74	597.500	0	37637.23	1.94	37924.13	3.94
116	693.88	4.153E-004	1.74	598.500	0	38038.27	2.71	38343.80	3.67
117	697.27	4.143E-004	1.74	599.300	0	38450.83	3.05	38761.40	5.49
118	700.65	4.128E-004	1.74	598.600	0	38882.43	2.52	39210.93	4.52
119	704.04	4.117E-004	1.74	600.200	0	39283.07	2.37	39622.67	5.18
120	707.42	4.117E-004	1.74	594.400	0	39606.20	2.88	39945.67	4.54
121	710.81	4.120E-004	1.74	594.100	0	39856.83	1.80	40212.27	5.00
122	714.19	4.134E-004	1.74	594.700	0	40013.23	2.70	40369.67	3.21
123	717.57	4.154E-004	1.74	592.000	0	40111.10	2.12	40468.27	4.96
124	720.96	4.173E-004	1.74	598.700	0	40195.50	2.35	40562.60	5.83
125	724.34	4.192E-004	1.74	595.200	0	40288.47	1.94	40660.27	5.47
126	727.72	4.205E-004	1.74	595.400	0	40429.67	2.45	40802.87	5.03
127	731.10	4.212E-004	1.74	598.100	0	40626.07	1.77	41005.00	5.37
128	734.49	4.218E-004	1.74	595.000	0	40821.50	2.18	41209.07	4.97
129	737.87	4.227E-004	1.74	602.100	0	40983.90	2.09	41377.60	4.85
130	741.25	4.236E-004	1.74	602.400	0	41133.40	2.21	41535.73	4.82
131	744.63	4.255E-004	1.74	598.600	0	41179.03	2.48	41588.60	4.17
132	748.01	4.283E-004	1.74	595.600	0	41153.13	2.27	41561.73	4.38
133	751.39	4.326E-004	1.74	591.800	0	40991.83	2.23	41396.00	6.00
134	754.77	4.377E-004	1.74	594.700	0	40740.97	2.28	41142.53	4.51
135	758.14	4.439E-004	1.74	592.100	0	40411.33	2.57	40800.13	4.30
136	761.52	4.505E-004	1.74	597.400	0	40041.47	2.10	40419.87	5.57
137	764.90	4.574E-004	1.74	595.200	0	39643.87	2.60	40017.33	4.59
138	768.27	4.643E-004	1.74	597.100	0	39262.77	2.86	39631.13	4.24
139	771.65	4.712E-004	1.74	594.800	0	38897.33	2.25	39251.33	5.17
140	775.02	4.780E-004	1.74	597.400	0	38528.07	2.35	38877.93	4.26
141	778.40	4.845E-004	1.74	594.600	0	38187.70	2.38	38537.53	5.08
142	781.77	4.907E-004	1.73	596.900	0	37865.83	2.50	38218.67	4.25
143	785.15	4.976E-004	1.73	595.700	0	37504.23	2.76	37854.13	5.13
144	788.52	5.056E-004	1.73	601.400	0	37090.40	1.87	37428.73	5.13
145	791.89	5.149E-004	1.73	598.700	0	36582.40	1.87	36909.73	5.90
146	795.26	5.265E-004	1.73	598.800	0	35925.83	2.12	36248.13	5.15
147	798.63	5.402E-004	1.73	597.100	0	35155.43	2.40	35467.53	3.69
148	802.00	5.567E-004	1.73	595.700	0	34241.47	2.46	34547.73	5.42
149	805.37	5.764E-004	1.73	595.700	0	33209.87	2.19	33496.87	3.32
150	808.74	5.987E-004	1.73	597.800	0	32123.90	2.69	32382.27	3.90
151	812.11	6.227E-004	1.73	594.100	0	30980.57	3.03	31234.80	3.78
152	815.47	6.491E-004	1.73	597.300	0	29853.40	2.49	30082.13	3.67
153	818.84	6.761E-004	1.73	601.600	0	28746.03	2.37	28968.80	3.63
154	822.20	7.049E-004	1.73	602.000	0	27695.03	2.36	27888.67	5.20
155	825.57	7.332E-004	1.73	594.700	0	26708.00	2.28	26892.27	5.74
156	828.93	7.620E-004	1.73	598.600	0	25778.93	2.47	25953.13	4.49
157	832.30	7.912E-004	1.73	592.900	0	24918.73	2.56	25075.47	3.40
158	835.66	8.196E-004	1.73	598.300	0	24104.63	2.57	24261.20	4.96
159	839.02	8.494E-004	1.73	600.900	0	23336.67	2.33	23477.60	5.04
160	842.38	8.802E-004	1.73	601.100	0	22582.90	1.72	22713.67	4.50
161	845.74	9.131E-004	1.73	601.300	0	21848.50	2.17	21960.00	5.21
162	849.10	9.460E-004	1.73	601.900	0	21096.23	2.37	21222.07	4.08
163	852.46	9.843E-004	1.73	597.900	0	20356.73	1.97	20456.13	4.00
164	855.81	1.024E-003	1.73	602.000	0	19604.93	2.44	19702.73	4.68
165	859.17	1.067E-003	1.73	602.200	0	18842.27	2.24	18935.80	4.62
166	862.52	1.114E-003	1.73	602.900	0	18073.83	2.06	18168.07	3.45
167	865.88	1.164E-003	1.73	601.400	0	17319.17	1.67	17405.60	4.03
168	869.23	1.217E-003	1.73	602.000	0	16596.03	1.95	16674.53	3.66
169	872.58	1.274E-003	1.73	600.200	0	15875.00	2.21	15949.60	2.88
170	875.93	1.334E-003	1.74	602.600	0	15201.90	1.92	15259.07	5.36
171	879.28	1.391E-003	1.73	596.500	0	14582.10	1.96	14643.07	3.67
172	882.63	1.450E-003	1.74	594.000	0	14007.00	1.94	14060.47	4.60
173	885.98	1.507E-003	1.73	595.300	0	13481.97	2.77	13535.67	3.80
174	889.33	1.564E-003	1.73	593.500	0	12987.63	2.03	13045.00	3.87
175	892.68	1.624E-003	2.13	593.400	0	12527.57	2.99	12571.33	4.67
176	896.02	1.681E-003	2.64	597.300	0	12101.50	2.14	12145.40	4.01
177	899.37	1.738E-003	3.18	599.900	0	11703.37	2.22	11746.80	4.73
178	902.71	1.796E-003	3.28	599.100	0	11318.67	1.56	11358.53	4.31
179	906.05	1.854E-003	3.28	602.200	0	10941.57	2.28	10986.07	4.45
180	909.39	1.914E-003	3.28	596.100	0	10586.53	1.47	10629.33	4.47
181	0.00	0.000E+000	3.29	0.000	0	0.00	0.00	0.00	0.00
182	0.00	0.000E+000	3.29	0.000	0	0.00	0.00	0.00	0.00
183	0.00	0.000E+000	3.29	0.000	0	0.00	0.00	0.00	0.00
184	0.00	0.000E+000	3.29	0.000	0	0.00	0.00	0.00	0.00
185	0.00	0.000E+000	3.29	0.000	0	0.00	0.00	0.00	0.00
186	0.00	0.000E+000	3.29	0.000	0	0.00	0.00	0.00	0.00
187	0.00	0.000E+000	3.29	0.000	0	0.00	0.00	0.00	0.00
188	0.00	0.000E+000	3.29	0.000	0	0.00	0.00	0.00	0.00
189	0.00	0.000E+000	3.29	0.000	0	0.00	0.00	0.00	0.00
190	0.00	0.000E+000	3.29	0.000	0	0.00	0.00	0.00	0.00
191	0.00	0.000E+000	3.29	0.000	0	0.00	0.00	0.00	0.00
192	0.00	0.000E+000	3.29	0.000	0	0.00	0.00	0.00	0.00
193	0.00	0.000E+000	3.29	0.000	0	0.00	0.00	0.00	0.00
194	0.00	0.000E+000	3.29	0.000	0	0.00	0.00	0.00	0.00
195	0.00	0.000E+000	3.29	0.000	0	0.00	0.00	0.00	0.00
196	0.00	0.000E+000	3.29	0.000	0	0.00	0.00	0.00	0.00
197	0.00	0.000E+000	3.29	0.000	0	0.00	0.00	0.00	0.00
198	0.00	0.000E+000	3.29	0.000	0	0.00	0.00	0.00	0.00
199	0.00	0.000E+000	3.29	0.000	0	0.00	0.00	0.00	0.00
200	0.00	0.000E+000	3.29	0.000	0	0.00	0.00	0.00	0.00
201	0.00	0.000E+000	3.29	0.000	0	0.00	0.00	0.00	0.00
202	0.00	0.000E+000	3.29	0.000	0	0.00	0.00	0.00	0.00
203	0.00	0.000E+000	3.29	0.000	0	0.00	0.00	0.00	0.00
204	0.00	0.000E+000	3.29	0.000	0	0.00	0.00	0.00	0.00
205	0.00	0.000E+000	3.29	0.000	0	0.00	0.00	0.00	0.00
206	0.00	0.000E+000	3.29	0.000	0	0.00	0.00	0.00	0.00
207	0.00	0.000E+000	3.29	0.000	0	0.00	0.00	0.00	0.00
208	0.00	0.000E+000	3.29	0.000	0	0.00	0.00	0.00	0.00
209	0.00	0.000E+000	3.29	0.000	0	0.00	0.00	0.00	0.00
210	0.00	0.000E+000	3.29	0.000	0	0.00	0.00	0.00	0.00
211	0.00	0.000E+000	3.29	0.000	0	0.00	0.00	0.00	0.00
212	0.00	0.000E+000	3.29	0.000	0	0.00	0.00	0.00	0.00
213	0.00	0.000E+000	3.29	0.000	0	0.00	0.00	0.00	0.00
214	0.00	0.000E+000	3.29	0.000	0	0.00	0.00	0.00	0.00
215	0.00	0.000E+000	3.29	0.000	0	0.00	0.00	0.00	0.00
216	0.00	0.000E+000	3.29	0.000	0	0.00	0.00	0.00	0.00
217	0.00	0.000E+000	3.29	0.000	0	0.00	0.00	0.00	0.00
218	0.00	0.000E+000	3.29	0.000	0	0.00	0.00	0.00	0.00
219	0.00	0.000E+000	3.29	0.000	0	0.00	0.00	0.00	0.00
220	0.00	0.000E+000	3.29	0.000	0	0.00	0.00	0.00	0.00
221	0.00	0.000E+000	3.29	0.000	0	0.00	0.00	0.00	0.00
222	0.00	0.000E+000	3.29	0.000	0	0.00	0.00	0.00	0.00
223	0.00	0.000E+000	3.29	0.000	0	0.00	0.00	0.00	0.00
224	0.00	0.000E+000	3.29	0.000	0	0.00	0.00	0.00	0.00
225	0.00	0.000E+000	3.29	0.000	0	0.00	0.00	0.00	0.00
226	0.00	0.000E+000	3.29	0.000	0	0.00	0.00	0.00	0.00
227	0.00	0.000E+000	3.29	0.000	0	0.00	0.00	0.00	0.00
228	0.00	0.000E+000	3.29	0.000	0	0.00	0.00	0.00	0.00
229	0.00	0.000E+000	3.29	0.000	0	0.00	0.00	0.00	0.00
230	0.00	0.000E+000	3.29	0.000	0	0.00	0.00	0.00	0.00
231	0.00	0.000E+000	3.29	0.000	0	0.00	0.00	0.00	0.00
232	0.00	0.000E+000	3.29	0.000	0	0.00	0.00	0.00	0.00
233	0.00	0.000E+000	3.29	0.000	0	0.00	0.00	0.00	0.00
234	0.00	0.000E+000	3.29	0.000	0	0.00	0.00	0.00	0.00
235	0.00	0.000E+000	3.29	0.000	0	0.00	0.00	0.00	0.00
236	0.00	0.000E+000	3.29	0.000	0	0.00	0.00	0.00	0.00
237	0.00	0.000E+000	3.29	0.000	0	0.00	0.00	0.00	0.00
238	0.00	0.000E+000	3.29	0.000	0	0.00	0.00	0.00	0.00
239	0.00	0.000E+000	3.29	0.000	0	0.00	0.00	0.00	0.00
240	0.00	0.000E+000	3.29	0.000	0	0.00	0.00	0.00	0.00
241	0.00	0.000E+000	3.29	0.000	0	0.00	0.00	0.00	0.00
242	0.00	0.000E+000	3.29	0.000	0	0.00	0.00	0.00	0.00
243	0.00	0.000E+000	3.29	0.000	0	0.00	0.00	0.00	0.00
244	0.00	0.000E+000	3.29	0.000	0	0.00	0.00	0.00	0.00
245	0.00	0.000E+000	3.29	0.000	0	0.00	0.00	0.00	0.00
246	0.00	0.000E+000	3.29	0.000	0	0.00	0.00	0.00	0.00
247	0.00	0.000E+000	3.29	0.000	0	0.00	0.00	0.00	0.00
248	0.00	0.000E+000	3.29	0.000	0	0.00	0.00	0.00	0.00
249	0.00	0.000E+000	3.29	0.000	0	0.00	0.00	0.00	0.00
250	0.00	0.000E+000	3.29	0.000	0	0.00	0.00	0.00	0.00
251	0.00	0.000E+000	3.29	0.000	0	0.00	0.00	0.00	0.00
252	0.00	0.000E+000	3.29	0.000	0	0.00	0.00	0.00	0.00
253	0.00	0.000E+000	3.29	0.000	0	0.00	0.00	0.00	0.00
254	0.00	0.000E+000	3.29	0.000	0	0.00	0.00	0.00	0.00
255	0.00	0.000E+000	3.29	0.000	0	0.00	0.00	0.00	0.00
[END_OF_CALDATA]
