!FRM4SOC_CP
!TEMPDATA
# thermal characterization results

# comments start with # (ignored by the processor)
# no empty lines between the parameter signatures in [] and the parameter values
# parameters are case insensitive
"# parameters can be inserted in any order, except the first two signatures"
# columns are tab- or space-delimited

[VERSION]
0.1

[CALDATE]
2022-03-03 14:56:41

[CALLAB]
Tartu Observatory

[USER]
Ilmar Ansko

[DEVICE]
SAT2054

[AMBIENT_TEMP]
21.0

[REFERENCE_TEMP]
20.0

#px	wl (nm)	cT (1/deg)	"ucT (1/deg, k=2)"
[CALDATA]
0	0.00	0.000E+00	0.000E+00
1	305.64	8.075E-04	2.785E-03
2	308.96	5.202E-04	2.163E-03
3	312.29	4.183E-03	3.047E-03
4	315.61	2.196E-03	4.598E-03
5	318.94	1.269E-03	2.019E-03
6	322.27	1.455E-03	3.675E-03
7	325.60	6.145E-04	2.521E-03
8	328.92	1.851E-04	1.049E-03
9	332.25	-9.054E-04	1.239E-03
10	335.58	-2.881E-04	1.495E-03
11	338.91	3.195E-04	8.031E-04
12	342.25	-1.281E-04	4.473E-04
13	345.58	-2.293E-04	1.671E-04
14	348.91	-2.086E-04	1.676E-04
15	352.24	-2.868E-04	1.742E-04
16	355.58	-2.728E-04	1.718E-04
17	358.91	-1.857E-04	8.483E-05
18	362.25	-2.451E-04	7.717E-05
19	365.58	-2.035E-04	1.230E-04
20	368.92	-3.527E-04	3.886E-05
21	372.25	-4.950E-04	5.944E-05
22	375.59	-5.396E-04	8.364E-05
23	378.93	-5.607E-04	2.193E-05
24	382.27	-6.250E-04	5.640E-05
25	385.60	-6.652E-04	4.796E-05
26	388.94	-6.595E-04	7.402E-05
27	392.28	-7.198E-04	6.837E-05
28	395.62	-6.874E-04	6.188E-05
29	398.96	-6.917E-04	5.685E-05
30	402.30	-6.709E-04	2.099E-05
31	405.64	-6.741E-04	4.838E-05
32	408.98	-6.336E-04	4.427E-05
33	412.33	-6.395E-04	3.289E-05
34	415.67	-6.347E-04	3.960E-05
35	419.01	-6.384E-04	3.103E-05
36	422.35	-5.680E-04	3.453E-05
37	425.70	-5.233E-04	3.677E-05
38	429.04	-5.342E-04	2.858E-05
39	432.39	-5.173E-04	2.824E-05
40	435.73	-5.390E-04	5.323E-05
41	439.07	-5.227E-04	4.101E-05
42	442.42	-5.806E-04	3.885E-05
43	445.76	-5.858E-04	6.618E-05
44	449.11	-4.976E-04	4.942E-05
45	452.45	-4.947E-04	1.024E-04
46	455.80	-4.950E-04	8.878E-05
47	459.15	-4.915E-04	7.232E-05
48	462.49	-4.585E-04	1.129E-04
49	465.84	-4.382E-04	8.124E-05
50	469.19	-4.349E-04	9.424E-05
51	472.53	-5.249E-04	1.047E-04
52	475.88	-5.065E-04	7.158E-05
53	479.23	-4.398E-04	6.685E-05
54	482.57	-4.122E-04	9.931E-05
55	485.92	-3.967E-04	1.082E-04
56	489.27	-2.936E-04	1.037E-04
57	492.62	-2.098E-04	8.911E-05
58	495.96	-1.447E-04	8.676E-05
59	499.31	-1.032E-04	1.146E-04
60	502.66	-1.009E-04	1.022E-04
61	506.01	-7.029E-05	8.239E-05
62	509.36	-9.969E-05	5.997E-05
63	512.70	-9.968E-05	9.111E-05
64	516.05	-6.444E-05	7.116E-05
65	519.40	-8.469E-05	7.844E-05
66	522.75	-2.971E-05	9.983E-05
67	526.10	-8.206E-05	8.961E-05
68	529.45	-5.445E-05	5.875E-05
69	532.79	-1.397E-06	7.405E-05
70	536.14	4.354E-05	6.848E-05
71	539.49	7.138E-05	6.015E-05
72	542.84	1.344E-04	1.094E-04
73	546.19	1.733E-04	1.256E-04
74	549.53	2.306E-04	9.529E-05
75	552.88	2.771E-04	6.344E-05
76	556.23	2.834E-04	9.988E-05
77	559.58	3.094E-04	7.248E-05
78	562.92	2.945E-04	5.894E-05
79	566.27	2.673E-04	8.214E-05
80	569.62	3.079E-04	1.169E-04
81	572.96	3.394E-04	1.184E-04
82	576.31	3.478E-04	1.365E-04
83	579.66	3.291E-04	1.321E-04
84	583.00	2.644E-04	1.275E-04
85	586.35	3.302E-04	1.248E-04
86	589.70	3.310E-04	1.312E-04
87	593.04	3.230E-04	1.043E-04
88	596.39	3.461E-04	1.004E-04
89	599.73	2.284E-04	1.538E-04
90	603.08	1.162E-04	1.827E-04
91	606.42	1.172E-04	1.873E-04
92	609.77	2.067E-04	1.363E-04
93	613.11	4.252E-04	8.191E-05
94	616.45	9.317E-04	9.392E-05
95	619.80	1.342E-03	1.637E-04
96	623.14	1.176E-03	1.723E-04
97	626.48	4.497E-04	7.298E-05
98	629.83	-1.883E-04	2.812E-04
99	633.17	-2.123E-04	3.511E-04
100	636.51	2.752E-07	3.400E-04
101	639.85	4.160E-04	2.420E-04
102	643.19	8.173E-04	1.169E-04
103	646.53	1.015E-03	5.193E-05
104	649.87	1.024E-03	8.885E-05
105	653.21	9.604E-04	6.497E-05
106	656.55	9.241E-04	7.758E-05
107	659.89	8.583E-04	1.523E-04
108	663.23	8.273E-04	1.672E-04
109	666.57	8.853E-04	1.560E-04
110	669.90	8.731E-04	1.166E-04
111	673.24	9.384E-04	9.775E-05
112	676.58	1.009E-03	1.173E-04
113	679.91	1.044E-03	1.162E-04
114	683.25	1.057E-03	1.384E-04
115	686.58	1.053E-03	9.577E-05
116	689.91	1.104E-03	9.899E-05
117	693.25	1.084E-03	1.048E-04
118	696.58	1.102E-03	1.200E-04
119	699.91	1.089E-03	1.413E-04
120	703.24	1.114E-03	1.427E-04
121	706.58	1.149E-03	1.380E-04
122	709.91	1.179E-03	9.876E-05
123	713.24	1.192E-03	1.136E-04
124	716.56	1.217E-03	1.635E-04
125	719.89	1.251E-03	1.512E-04
126	723.22	1.173E-03	1.530E-04
127	726.55	1.165E-03	7.687E-05
128	729.87	1.189E-03	9.541E-05
129	733.20	1.085E-03	1.062E-04
130	736.52	1.052E-03	1.654E-04
131	739.85	1.047E-03	1.444E-04
132	743.17	1.135E-03	1.105E-04
133	746.49	1.194E-03	9.557E-05
134	749.82	1.239E-03	1.320E-04
135	753.14	1.386E-03	1.331E-04
136	756.46	1.487E-03	1.226E-04
137	759.78	1.648E-03	1.245E-04
138	763.09	1.786E-03	1.233E-04
139	766.41	1.948E-03	1.459E-04
140	769.73	1.982E-03	1.178E-04
141	773.05	2.082E-03	1.178E-04
142	776.36	2.172E-03	1.433E-04
143	779.67	2.242E-03	1.013E-04
144	782.99	2.350E-03	1.055E-04
145	786.30	2.358E-03	1.300E-04
146	789.61	2.430E-03	1.378E-04
147	792.92	2.474E-03	1.483E-04
148	796.23	2.580E-03	1.751E-04
149	799.54	2.653E-03	1.508E-04
150	802.85	2.685E-03	1.117E-04
151	806.16	2.776E-03	1.312E-04
152	809.46	2.772E-03	1.782E-04
153	812.77	2.760E-03	1.952E-04
154	816.07	2.784E-03	1.257E-04
155	819.37	2.836E-03	1.190E-04
156	822.68	2.900E-03	1.378E-04
157	825.98	2.775E-03	1.534E-04
158	829.28	2.728E-03	1.330E-04
159	832.58	2.670E-03	1.603E-04
160	835.87	2.609E-03	1.679E-04
161	839.17	2.571E-03	1.282E-04
162	842.46	2.656E-03	1.153E-04
163	845.76	2.764E-03	1.536E-04
164	849.05	2.841E-03	1.467E-04
165	852.34	2.930E-03	1.373E-04
166	855.64	3.067E-03	1.612E-04
167	858.93	3.096E-03	1.377E-04
168	862.21	3.179E-03	1.340E-04
169	865.50	3.208E-03	1.242E-04
170	868.79	3.345E-03	8.254E-05
171	872.07	3.446E-03	7.678E-05
172	875.36	3.554E-03	9.608E-05
173	878.64	3.651E-03	1.046E-04
174	881.92	3.693E-03	1.726E-04
175	885.20	3.724E-03	1.335E-04
176	888.48	3.777E-03	1.336E-04
177	891.76	3.853E-03	1.629E-04
178	895.03	3.914E-03	1.162E-04
179	898.31	3.966E-03	1.303E-04
180	901.58	4.030E-03	8.148E-05
181	0.00	0.000E+00	0.000E+00
182	0.00	0.000E+00	0.000E+00
183	0.00	0.000E+00	0.000E+00
184	0.00	0.000E+00	0.000E+00
185	0.00	0.000E+00	0.000E+00
186	0.00	0.000E+00	0.000E+00
187	0.00	0.000E+00	0.000E+00
188	0.00	0.000E+00	0.000E+00
189	0.00	0.000E+00	0.000E+00
190	0.00	0.000E+00	0.000E+00
191	0.00	0.000E+00	0.000E+00
192	0.00	0.000E+00	0.000E+00
193	0.00	0.000E+00	0.000E+00
194	0.00	0.000E+00	0.000E+00
195	0.00	0.000E+00	0.000E+00
196	0.00	0.000E+00	0.000E+00
197	0.00	0.000E+00	0.000E+00
198	0.00	0.000E+00	0.000E+00
199	0.00	0.000E+00	0.000E+00
200	0.00	0.000E+00	0.000E+00
201	0.00	0.000E+00	0.000E+00
202	0.00	0.000E+00	0.000E+00
203	0.00	0.000E+00	0.000E+00
204	0.00	0.000E+00	0.000E+00
205	0.00	0.000E+00	0.000E+00
206	0.00	0.000E+00	0.000E+00
207	0.00	0.000E+00	0.000E+00
208	0.00	0.000E+00	0.000E+00
209	0.00	0.000E+00	0.000E+00
210	0.00	0.000E+00	0.000E+00
211	0.00	0.000E+00	0.000E+00
212	0.00	0.000E+00	0.000E+00
213	0.00	0.000E+00	0.000E+00
214	0.00	0.000E+00	0.000E+00
215	0.00	0.000E+00	0.000E+00
216	0.00	0.000E+00	0.000E+00
217	0.00	0.000E+00	0.000E+00
218	0.00	0.000E+00	0.000E+00
219	0.00	0.000E+00	0.000E+00
220	0.00	0.000E+00	0.000E+00
221	0.00	0.000E+00	0.000E+00
222	0.00	0.000E+00	0.000E+00
223	0.00	0.000E+00	0.000E+00
224	0.00	0.000E+00	0.000E+00
225	0.00	0.000E+00	0.000E+00
226	0.00	0.000E+00	0.000E+00
227	0.00	0.000E+00	0.000E+00
228	0.00	0.000E+00	0.000E+00
229	0.00	0.000E+00	0.000E+00
230	0.00	0.000E+00	0.000E+00
231	0.00	0.000E+00	0.000E+00
232	0.00	0.000E+00	0.000E+00
233	0.00	0.000E+00	0.000E+00
234	0.00	0.000E+00	0.000E+00
235	0.00	0.000E+00	0.000E+00
236	0.00	0.000E+00	0.000E+00
237	0.00	0.000E+00	0.000E+00
238	0.00	0.000E+00	0.000E+00
239	0.00	0.000E+00	0.000E+00
240	0.00	0.000E+00	0.000E+00
241	0.00	0.000E+00	0.000E+00
242	0.00	0.000E+00	0.000E+00
243	0.00	0.000E+00	0.000E+00
244	0.00	0.000E+00	0.000E+00
245	0.00	0.000E+00	0.000E+00
246	0.00	0.000E+00	0.000E+00
247	0.00	0.000E+00	0.000E+00
248	0.00	0.000E+00	0.000E+00
249	0.00	0.000E+00	0.000E+00
250	0.00	0.000E+00	0.000E+00
251	0.00	0.000E+00	0.000E+00
252	0.00	0.000E+00	0.000E+00
253	0.00	0.000E+00	0.000E+00
254	0.00	0.000E+00	0.000E+00
255	0.00	0.000E+00	0.000E+00
[END_OF_CALDATA]
